-2.500000,0.000000,-24.543693,0.000000,0.000000,0.000000,-50.000000
-2.500000,0.000000,-19.634954,0.000000,0.000000,0.000000,-50.000000
-2.500000,0.000000,-14.726216,0.000000,0.000000,0.000000,-50.000000
-2.500000,0.000000,-9.817477,0.000000,0.000000,0.000000,-50.000000
-2.500000,0.000000,-4.908739,0.000000,0.000000,0.000000,-50.000000
-2.500000,0.000000,0.000000,0.000000,0.000000,0.000000,-50.000000
-2.500000,0.000000,4.908739,0.000000,0.000000,0.000000,-50.000000
-2.500000,0.000000,9.817477,0.000000,0.000000,0.000000,-50.000000
-2.500000,0.000000,14.726216,0.000000,0.000000,0.000000,-50.000000
-2.500000,0.000000,19.634954,0.000000,0.000000,0.000000,-50.000000
-2.500000,0.000000,24.543693,0.000000,0.000000,0.000000,-50.000000
-2.000000,0.000000,-24.543693,0.000000,0.000000,0.000000,-50.000000
-2.000000,0.000000,-19.634954,0.000000,0.000000,0.000000,-50.000000
-2.000000,0.000000,-14.726216,0.000000,0.000000,0.000000,-50.000000
-2.000000,0.000000,-9.817477,0.000000,0.000000,0.000000,-50.000000
-2.000000,0.000000,-4.908739,0.000000,0.000000,0.000000,-50.000000
-2.000000,0.000000,0.000000,0.000000,0.000000,0.000000,-50.000000
-2.000000,0.000000,4.908739,0.000000,0.000000,0.000000,-50.000000
-2.000000,0.000000,9.817477,0.000000,0.000000,0.000000,-50.000000
-2.000000,0.000000,14.726216,0.000000,0.000000,0.000000,-50.000000
-2.000000,0.000000,19.634954,0.000000,0.000000,0.000000,-50.000000
-2.000000,0.000000,24.543693,0.000000,0.000000,0.000000,-50.000000
-1.500000,0.000000,-24.543693,0.000000,0.000000,0.000000,-50.000000
-1.500000,0.000000,-19.634954,0.000000,0.000000,0.000000,-50.000000
-1.500000,0.000000,-14.726216,0.000000,0.000000,0.000000,-50.000000
-1.500000,0.000000,-9.817477,0.000000,0.000000,0.000000,-50.000000
-1.500000,0.000000,-4.908739,0.000000,0.000000,0.000000,-50.000000
-1.500000,0.000000,0.000000,0.000000,0.000000,0.000000,-50.000000
-1.500000,0.000000,4.908739,0.000000,0.000000,0.000000,-50.000000
-1.500000,0.000000,9.817477,0.000000,0.000000,0.000000,-50.000000
-1.500000,0.000000,14.726216,0.000000,0.000000,0.000000,-50.000000
-1.500000,0.000000,19.634954,0.000000,0.000000,0.000000,-50.000000
-1.500000,0.000000,24.543693,0.000000,0.000000,0.000000,-50.000000
-1.000000,0.000000,-24.543693,0.000000,0.000000,0.000000,-50.000000
-1.000000,0.000000,-19.634954,0.000000,0.000000,0.000000,-50.000000
-1.000000,0.000000,-14.726216,0.000000,0.000000,0.000000,-50.000000
-1.000000,0.000000,-9.817477,0.000000,0.000000,0.000000,-50.000000
-1.000000,0.000000,-4.908739,0.000000,0.000000,0.000000,-50.000000
-1.000000,0.000000,0.000000,0.000000,0.000000,0.000000,-50.000000
-1.000000,0.000000,4.908739,0.000000,0.000000,0.000000,-50.000000
-1.000000,0.000000,9.817477,0.000000,0.000000,0.000000,-50.000000
-1.000000,0.000000,14.726216,0.000000,0.000000,0.000000,-50.000000
-1.000000,0.000000,19.634954,0.000000,0.000000,0.000000,-50.000000
-1.000000,0.000000,24.543693,0.000000,0.000000,0.000000,-50.000000
-0.500000,0.000000,-24.543693,0.000000,0.000000,0.000000,-50.000000
-0.500000,0.000000,-19.634954,0.000000,0.000000,0.000000,-50.000000
-0.500000,0.000000,-14.726216,0.000000,0.000000,0.000000,-50.000000
-0.500000,0.000000,-9.817477,0.000000,0.000000,0.000000,-50.000000
-0.500000,0.000000,-4.908739,0.000000,0.000000,0.000000,-50.000000
-0.500000,0.000000,0.000000,0.000000,0.000000,0.000000,-50.000000
-0.500000,0.000000,4.908739,0.000000,0.000000,0.000000,-50.000000
-0.500000,0.000000,9.817477,0.000000,0.000000,0.000000,-50.000000
-0.500000,0.000000,14.726216,0.000000,0.000000,0.000000,-50.000000
-0.500000,0.000000,19.634954,0.000000,0.000000,0.000000,-50.000000
-0.500000,0.000000,24.543693,0.000000,0.000000,0.000000,-50.000000
0.000000,0.000000,-24.543693,0.000000,0.000000,0.000000,-50.000000
0.000000,0.000000,-19.634954,0.000000,0.000000,0.000000,-50.000000
0.000000,0.000000,-14.726216,0.000000,0.000000,0.000000,-50.000000
0.000000,0.000000,-9.817477,0.000000,0.000000,0.000000,-50.000000
0.000000,0.000000,-4.908739,0.000000,0.000000,0.000000,-50.000000
0.000000,0.000000,0.000000,0.000000,0.000000,0.000000,-50.000000
0.000000,0.000000,4.908739,0.000000,0.000000,0.000000,-50.000000
0.000000,0.000000,9.817477,0.000000,0.000000,0.000000,-50.000000
0.000000,0.000000,14.726216,0.000000,0.000000,0.000000,-50.000000
0.000000,0.000000,19.634954,0.000000,0.000000,0.000000,-50.000000
0.000000,0.000000,24.543693,0.000000,0.000000,0.000000,-50.000000
0.500000,0.000000,-24.543693,0.000000,0.000000,0.000000,-50.000000
0.500000,0.000000,-19.634954,0.000000,0.000000,0.000000,-50.000000
0.500000,0.000000,-14.726216,0.000000,0.000000,0.000000,-50.000000
0.500000,0.000000,-9.817477,0.000000,0.000000,0.000000,-50.000000
0.500000,0.000000,-4.908739,0.000000,0.000000,0.000000,-50.000000
0.500000,0.000000,0.000000,0.000000,0.000000,0.000000,-50.000000
0.500000,0.000000,4.908739,0.000000,0.000000,0.000000,-50.000000
0.500000,0.000000,9.817477,0.000000,0.000000,0.000000,-50.000000
0.500000,0.000000,14.726216,0.000000,0.000000,0.000000,-50.000000
0.500000,0.000000,19.634954,0.000000,0.000000,0.000000,-50.000000
0.500000,0.000000,24.543693,0.000000,0.000000,0.000000,-50.000000
1.000000,0.000000,-24.543693,0.000000,0.000000,0.000000,-50.000000
1.000000,0.000000,-19.634954,0.000000,0.000000,0.000000,-50.000000
1.000000,0.000000,-14.726216,0.000000,0.000000,0.000000,-50.000000
1.000000,0.000000,-9.817477,0.000000,0.000000,0.000000,-50.000000
1.000000,0.000000,-4.908739,0.000000,0.000000,0.000000,-50.000000
1.000000,0.000000,0.000000,0.000000,0.000000,0.000000,-50.000000
1.000000,0.000000,4.908739,0.000000,0.000000,0.000000,-50.000000
1.000000,0.000000,9.817477,0.000000,0.000000,0.000000,-50.000000
1.000000,0.000000,14.726216,0.000000,0.000000,0.000000,-50.000000
1.000000,0.000000,19.634954,0.000000,0.000000,0.000000,-50.000000
1.000000,0.000000,24.543693,0.000000,0.000000,0.000000,-50.000000
1.500000,0.000000,-24.543693,0.000000,0.000000,0.000000,-50.000000
1.500000,0.000000,-19.634954,0.000000,0.000000,0.000000,-50.000000
1.500000,0.000000,-14.726216,0.000000,0.000000,0.000000,-50.000000
1.500000,0.000000,-9.817477,0.000000,0.000000,0.000000,-50.000000
1.500000,0.000000,-4.908739,0.000000,0.000000,0.000000,-50.000000
1.500000,0.000000,0.000000,0.000000,0.000000,0.000000,-50.000000
1.500000,0.000000,4.908739,0.000000,0.000000,0.000000,-50.000000
1.500000,0.000000,9.817477,0.000000,0.000000,0.000000,-50.000000
1.500000,0.000000,14.726216,0.000000,0.000000,0.000000,-50.000000
1.500000,0.000000,19.634954,0.000000,0.000000,0.000000,-50.000000
1.500000,0.000000,24.543693,0.000000,0.000000,0.000000,-50.000000
2.000000,0.000000,-24.543693,0.000000,0.000000,0.000000,-50.000000
2.000000,0.000000,-19.634954,0.000000,0.000000,0.000000,-50.000000
2.000000,0.000000,-14.726216,0.000000,0.000000,0.000000,-50.000000
2.000000,0.000000,-9.817477,0.000000,0.000000,0.000000,-50.000000
2.000000,0.000000,-4.908739,0.000000,0.000000,0.000000,-50.000000
2.000000,0.000000,0.000000,0.000000,0.000000,0.000000,-50.000000
2.000000,0.000000,4.908739,0.000000,0.000000,0.000000,-50.000000
2.000000,0.000000,9.817477,0.000000,0.000000,0.000000,-50.000000
2.000000,0.000000,14.726216,0.000000,0.000000,0.000000,-50.000000
2.000000,0.000000,19.634954,0.000000,0.000000,0.000000,-50.000000
2.000000,0.000000,24.543693,0.000000,0.000000,0.000000,-50.000000
2.500000,0.000000,-24.543693,0.000000,0.000000,0.000000,-50.000000
2.500000,0.000000,-19.634954,0.000000,0.000000,0.000000,-50.000000
2.500000,0.000000,-14.726216,0.000000,0.000000,0.000000,-50.000000
2.500000,0.000000,-9.817477,0.000000,0.000000,0.000000,-50.000000
2.500000,0.000000,-4.908739,0.000000,0.000000,0.000000,-50.000000
2.500000,0.000000,0.000000,0.000000,0.000000,0.000000,-50.000000
2.500000,0.000000,4.908739,0.000000,0.000000,0.000000,-50.000000
2.500000,0.000000,9.817477,0.000000,0.000000,0.000000,-50.000000
2.500000,0.000000,14.726216,0.000000,0.000000,0.000000,-50.000000
2.500000,0.000000,19.634954,0.000000,0.000000,0.000000,-50.000000
2.500000,0.000000,24.543693,0.000000,0.000000,0.000000,-50.000000
